
   2.0000000e+03  -8.6698589e-01
   2.0010000e+03  -1.0713636e+00
   2.0020000e+03  -2.0593191e+00
   2.0030000e+03   8.1151639e-01
   2.0040000e+03  -1.7971237e+00
   2.0050000e+03  -7.5516365e-01
   2.0060000e+03  -9.3663486e-01
   2.0070000e+03  -1.5536127e+00
   2.0080000e+03   2.0894749e-01
   2.0090000e+03  -2.0039943e-01
   2.0100000e+03   9.4621830e-01
   2.0110000e+03  -1.6211459e+00
   2.0120000e+03   1.1498627e+00
   2.0130000e+03  -5.4021720e-01
   2.0140000e+03  -6.2476055e-01
   2.0150000e+03   1.6530254e+00
   2.0160000e+03   7.6847901e-01
   2.0170000e+03  -3.3587577e-01
