   1.9010000e+03   2.1460451e+00
   1.9020000e+03  -7.6905696e-01
   1.9030000e+03   7.2088521e-01
   1.9040000e+03  -2.7973289e-01
   1.9050000e+03   1.4799295e+00
   1.9060000e+03   3.5212626e+00
   1.9070000e+03  -1.1185060e+00
   1.9080000e+03   7.5864518e-01
   1.9090000e+03   1.6176541e+00
   1.9100000e+03  -3.8627498e-01
   1.9110000e+03  -1.0152261e+00
   1.9120000e+03  -9.6386157e-01
   1.9130000e+03  -2.5838836e+00
   1.9140000e+03  -4.9155941e-01
   1.9150000e+03  -4.2085674e-01
   1.9160000e+03   7.1018281e-01
   1.9170000e+03   3.9012082e-01
   1.9180000e+03   1.8474765e+00
   1.9190000e+03  -4.8080806e-01
   1.9200000e+03   1.2363250e+00
   1.9210000e+03  -3.7861717e-01
   1.9220000e+03   1.0976587e+00
   1.9230000e+03  -5.6972460e-02
   1.9240000e+03   1.4757565e+00
   1.9250000e+03   5.2164067e-01
   1.9260000e+03  -1.2024839e+00
   1.9270000e+03   2.1229783e+00
   1.9280000e+03   1.4297873e+00
   1.9290000e+03   1.2671030e+00
   1.9300000e+03   9.7552487e-01
   1.9310000e+03  -2.6127040e-01
   1.9320000e+03   6.9312954e-01
   1.9330000e+03   1.3647562e+00
   1.9340000e+03   2.4655194e-01
   1.9350000e+03   1.8038496e+00
   1.9360000e+03   2.1507787e+00
   1.9370000e+03  -3.8465991e-02
   1.9380000e+03   4.7016064e-01
   1.9390000e+03   8.6697850e-01
   1.9400000e+03   1.2129560e-02
   1.9410000e+03  -1.5402483e+00
   1.9420000e+03  -1.4439103e+00
   1.9430000e+03   1.5214451e+00
   1.9440000e+03  -5.9429248e-01
   1.9450000e+03   1.4032628e+00
   1.9460000e+03   1.0042894e+00
   1.9470000e+03  -2.4672828e-01
   1.9480000e+03  -1.3409706e-01
   1.9490000e+03  -1.1237547e+00
   1.9500000e+03   2.8233873e+00
   1.9510000e+03   1.6387205e+00
   1.9520000e+03   2.1412364e+00
   1.9530000e+03   1.3731164e+00
   1.9540000e+03   2.1192450e+00
   1.9550000e+03   1.8673249e+00
   1.9560000e+03   6.6524045e-01
   1.9570000e+03   1.8890140e+00
   1.9580000e+03   2.0125030e+00
   1.9590000e+03   2.8363617e-01
   1.9600000e+03   2.7947629e-01
   1.9610000e+03   7.8732502e-01
   1.9620000e+03   9.0319188e-01
   1.9630000e+03   4.6841839e-01
   1.9640000e+03   1.3868761e+00
   1.9650000e+03   1.1729608e+00
   1.9660000e+03   6.2489857e-01
   1.9670000e+03   1.2471208e+00
   1.9680000e+03  -1.6486351e+00
   1.9690000e+03   1.1127075e+00
   1.9700000e+03  -1.0671060e+00
   1.9710000e+03  -1.2251104e+00
   1.9720000e+03  -2.8512793e+00
   1.9730000e+03  -2.4485859e+00
   1.9740000e+03  -3.5554957e-02
   1.9750000e+03   1.7055649e-01
   1.9760000e+03  -5.5328830e-01
   1.9770000e+03  -1.9240927e+00
   1.9780000e+03  -2.4850612e-01
   1.9790000e+03  -1.1467372e+00
   1.9800000e+03  -1.3317461e+00
   1.9810000e+03  -1.3694346e+00
   1.9820000e+03  -2.0595370e+00
   1.9830000e+03  -3.2119947e+00
   1.9840000e+03  -3.3794837e+00
   1.9850000e+03  -1.5733059e+00
   1.9860000e+03  -1.4895460e+00
   1.9870000e+03  -2.0046527e+00
   1.9880000e+03   2.4969678e-02
   1.9890000e+03  -4.0114574e-01
   1.9900000e+03  -2.4069949e+00
   1.9910000e+03  -1.1868839e+00
   1.9920000e+03  -1.3597769e+00
   1.9930000e+03  -1.2497063e+00
   1.9940000e+03   1.4025386e+00
   1.9950000e+03  -1.1198880e+00
   1.9960000e+03  -1.2286883e+00
   1.9970000e+03  -1.7027017e+00
   1.9980000e+03  -2.1162616e-01
   1.9990000e+03   1.5403962e+00
   2.0000000e+03  -8.6698589e-01
   2.0010000e+03  -1.0713636e+00
   2.0020000e+03  -2.0593191e+00
   2.0030000e+03   8.1151639e-01
   2.0040000e+03  -1.7971237e+00
   2.0050000e+03  -7.5516365e-01
   2.0060000e+03  -9.3663486e-01
   2.0070000e+03  -1.5536127e+00
   2.0080000e+03   2.0894749e-01
   2.0090000e+03  -2.0039943e-01
   2.0100000e+03   9.4621830e-01
   2.0110000e+03  -1.6211459e+00
   2.0120000e+03   1.1498627e+00
   2.0130000e+03  -5.4021720e-01
   2.0140000e+03  -6.2476055e-01
   2.0150000e+03   1.6530254e+00
   2.0160000e+03   7.6847901e-01
   2.0170000e+03  -3.3587577e-01
